0.01 0.01 S nan
0.01 0.04 S nan
0.01 0.16 ST 0.188
0.01 0.16 TS 0.189
0.01 0.64 ST 0.106
0.01 0.64 TS 0.107
0.01 2.56 ST 0.083
0.01 10.24 ST 0.075
0.01 40.96 ST 0.073
0.01 40.96 TS 0.074
0.01 163.84 ST 0.073
0.04 0.01 S nan
0.04 0.04 S nan
0.04 0.16 S nan
0.04 0.64 ST 1.615
0.04 0.64 TS 1.616
0.04 2.56 ST 0.287
0.04 10.24 ST 0.201
0.04 10.24 TS 0.202
0.04 40.96 ST 0.174
0.04 163.84 ST 0.163
0.16 0.01 S nan
0.16 0.04 S nan
0.16 0.16 S nan
0.16 0.64 S nan
0.16 2.56 S nan
0.16 10.24 ST 1.037
0.16 40.96 ST 0.638
0.16 40.96 TS 0.639
0.16 163.84 ST 0.515
0.16 163.84 TS 0.516
0.64 0.01 S nan
0.64 0.04 S nan
0.64 0.16 S nan
0.64 0.64 S nan
0.64 2.56 S nan
0.64 10.24 S nan
0.64 40.96 ST 7.89
0.64 163.84 ST 3.996
2.56 0.01 T nan
2.56 0.04 T nan
2.56 0.16 T nan
2.56 0.64 T nan
2.56 2.56 T nan
2.56 10.24 T nan
2.56 40.96 T nan
2.56 163.84 T nan
10.24 0.01 T nan
10.24 0.04 T nan
10.24 0.16 T nan
10.24 0.64 T nan
10.24 2.56 T nan
10.24 10.24 T nan
10.24 40.96 T nan
10.24 163.84 T nan
40.96 0.01 T nan
40.96 0.04 T nan
40.96 0.16 T nan
40.96 0.64 T nan
40.96 2.56 T nan
40.96 10.24 T nan
40.96 40.96 T nan
40.96 163.84 T nan
163.84 0.01 T nan
163.84 0.04 T nan
163.84 0.16 T nan
163.84 0.64 T nan
163.84 2.56 T nan
163.84 10.24 T nan
163.84 40.96 T nan
163.84 163.84 T nan
655.36 0.01 T nan
655.36 0.04 T nan
655.36 0.16 T nan
655.36 0.64 T nan
655.36 2.56 T nan
655.36 10.24 T nan
655.36 40.96 T nan
655.36 163.84 T nan
