0.01 0.01 S nan
0.01 0.04 S nan
0.01 0.16 S nan
0.01 0.64 ST 0.117
0.01 2.56 ST 0.078
0.01 10.24 ST 0.056
0.01 10.24 TS 0.057
0.01 40.96 T nan
0.01 163.84 ST 0.039
0.04 0.01 S nan
0.04 0.04 S nan
0.04 0.16 S nan
0.04 0.64 S nan
0.04 2.56 ST 0.322
0.04 10.24 ST 0.182
0.04 10.24 TS 0.183
0.04 40.96 ST 0.128
0.04 40.96 TS 0.129
0.04 163.84 ST 0.1
0.04 163.84 TS 0.101
0.16 0.01 S nan
0.16 0.04 S nan
0.16 0.16 S nan
0.16 0.64 S nan
0.16 2.56 S nan
0.16 10.24 ST 1.204
0.16 40.96 ST 0.604
0.16 163.84 ST 0.391
0.16 163.84 TS 0.392
0.64 0.01 S nan
0.64 0.04 S nan
0.64 0.16 S nan
0.64 0.64 S nan
0.64 2.56 S nan
0.64 10.24 S nan
0.64 40.96 S nan
0.64 163.84 ST 4.167
0.64 163.84 TS 4.168
0.64 163.84 ST 4.169
2.56 0.01 T nan
2.56 0.04 T nan
2.56 0.16 T nan
2.56 0.64 T nan
2.56 2.56 T nan
2.56 10.24 T nan
2.56 40.96 T nan
2.56 163.84 T nan
10.24 0.01 T nan
10.24 0.04 T nan
10.24 0.16 T nan
10.24 0.64 T nan
10.24 2.56 T nan
10.24 10.24 T nan
0.01 60 ST 0.043
0.01 60 TS 0.044
0.01 60 ST 0.047
0.01 60 TS 0.048
0.1 60 ST 0.254
