0.01 0.01 S nan
0.01 0.04 S nan
0.01 0.16 S nan
0.01 0.64 ST 0.121
0.01 0.64 TS 0.122
0.01 2.56 ST 0.084
0.01 10.24 ST 0.07
0.01 40.96 ST 0.063
0.01 40.96 TS 0.064
0.01 163.84 ST 0.059
0.04 0.01 S nan
0.04 0.04 S nan
0.04 0.16 S nan
0.04 0.64 S nan
0.04 2.56 ST 0.336
0.04 10.24 ST 0.211
0.04 40.96 ST 0.17
0.04 163.84 ST 0.151
0.16 0.01 S nan
0.16 0.04 S nan
0.16 0.16 S nan
0.16 0.64 S nan
0.16 2.56 S nan
0.16 10.24 ST 1.264
0.16 10.24 TS 1.265
0.16 40.96 ST 0.687
0.16 163.84 ST 0.505
0.16 163.84 TS 0.506
0.64 0.01 S nan
0.64 0.04 S nan
0.64 0.16 S nan
0.64 0.64 S nan
0.64 2.56 S nan
0.64 10.24 S nan
0.64 40.96 S nan
0.64 163.84 ST 4.517
0.64 163.84 TS 4.518
2.56 0.01 T nan
2.56 0.04 T nan
2.56 0.16 T nan
2.56 0.64 T nan
2.56 2.56 T nan
2.56 10.24 T nan
2.56 40.96 T nan
2.56 163.84 T nan
10.24 0.01 T nan
10.24 0.04 T nan
10.24 0.16 T nan
